Monkey 0
79
*19
1501
98
*19
1862
Monkey 1
54
+6
60
65
+6
71
75
+6
81
74
+6
80
Monkey 2
79
*old
6241
60
*old
3600
97
*old
9409
Monkey 3
74
+3
77
1501
+3
1504
1862
+3
1865
6241
+3
6244
3600
+3
3603
9409
+3
9412
Round summary: 1
Monkey 0: 2
Monkey 1: 4
Monkey 2: 3
Monkey 3: 6
Monkey 0
60
*19
1140
71
*19
1349
81
*19
1539
80
*19
1520
Monkey 1
77
+6
83
1504
+6
1510
1865
+6
1871
6244
+6
6250
3603
+6
3609
9412
+6
9418
Monkey 2
Monkey 3
1140
+3
1143
1349
+3
1352
1539
+3
1542
1520
+3
1523
Round summary: 2
Monkey 0: 6
Monkey 1: 10
Monkey 2: 3
Monkey 3: 10
Monkey 0
83
*19
1577
1510
*19
28690
1871
*19
35549
6250
*19
118750
3609
*19
68571
9418
*19
178942
Monkey 1
1143
+6
1149
1352
+6
1358
1542
+6
1548
1523
+6
1529
Monkey 2
Monkey 3
1577
+3
1580
28690
+3
28693
35549
+3
35552
118750
+3
118753
68571
+3
68574
178942
+3
178945
Round summary: 3
Monkey 0: 12
Monkey 1: 14
Monkey 2: 3
Monkey 3: 16
Monkey 0
1149
*19
21831
1358
*19
25802
1548
*19
29412
1529
*19
29051
Monkey 1
1580
+6
1586
28693
+6
28699
35552
+6
35558
118753
+6
118759
68574
+6
68580
178945
+6
178951
Monkey 2
Monkey 3
21831
+3
21834
25802
+3
25805
29412
+3
29415
29051
+3
29054
Round summary: 4
Monkey 0: 16
Monkey 1: 20
Monkey 2: 3
Monkey 3: 20
Monkey 0
1586
*19
30134
28699
*19
545281
35558
*19
675602
118759
*19
2256421
68580
*19
1303020
178951
*19
3400069
Monkey 1
21834
+6
21840
25805
+6
25811
29415
+6
29421
29054
+6
29060
Monkey 2
675602
*old
456438062404
Monkey 3
30134
+3
30137
545281
+3
545284
2256421
+3
2256424
1303020
+3
1303023
3400069
+3
3400072
456438062404
+3
456438062407
Round summary: 5
Monkey 0: 22
Monkey 1: 24
Monkey 2: 4
Monkey 3: 26
Monkey 0
21840
*19
414960
25811
*19
490409
29421
*19
558999
29060
*19
552140
Monkey 1
30137
+6
30143
545284
+6
545290
2256424
+6
2256430
1303023
+6
1303029
3400072
+6
3400078
456438062407
+6
456438062413
Monkey 2
Monkey 3
414960
+3
414963
490409
+3
490412
558999
+3
559002
552140
+3
552143
Round summary: 6
Monkey 0: 26
Monkey 1: 30
Monkey 2: 4
Monkey 3: 30
Monkey 0
30143
*19
572717
545290
*19
10360510
2256430
*19
42872170
1303029
*19
24757551
3400078
*19
64601482
456438062413
*19
8672323185847
552143
*19
10490717
Monkey 1
414963
+6
414969
490412
+6
490418
559002
+6
559008
Monkey 2
Monkey 3
572717
+3
572720
10360510
+3
10360513
42872170
+3
42872173
24757551
+3
24757554
64601482
+3
64601485
8672323185847
+3
8672323185850
10490717
+3
10490720
Round summary: 7
Monkey 0: 33
Monkey 1: 33
Monkey 2: 4
Monkey 3: 37
Monkey 0
414969
*19
7884411
490418
*19
9317942
559008
*19
10621152
Monkey 1
572720
+6
572726
10360513
+6
10360519
42872173
+6
42872179
24757554
+6
24757560
64601485
+6
64601491
8672323185850
+6
8672323185856
10490720
+6
10490726
Monkey 2
Monkey 3
7884411
+3
7884414
9317942
+3
9317945
10621152
+3
10621155
Round summary: 8
Monkey 0: 36
Monkey 1: 40
Monkey 2: 4
Monkey 3: 40
Monkey 0
572726
*19
10881794
10360519
*19
196849861
42872179
*19
814571401
24757560
*19
470393640
64601491
*19
1227428329
8672323185856
*19
164774140531264
10490726
*19
199323794
Monkey 1
7884414
+6
7884420
9317945
+6
9317951
10621155
+6
10621161
Monkey 2
Monkey 3
10881794
+3
10881797
196849861
+3
196849864
814571401
+3
814571404
470393640
+3
470393643
1227428329
+3
1227428332
164774140531264
+3
164774140531267
199323794
+3
199323797
Round summary: 9
Monkey 0: 43
Monkey 1: 43
Monkey 2: 4
Monkey 3: 47
Monkey 0
7884420
*19
149803980
9317951
*19
177041069
10621161
*19
201802059
Monkey 1
10881797
+6
10881803
196849864
+6
196849870
814571404
+6
814571410
470393643
+6
470393649
1227428332
+6
1227428338
164774140531267
+6
164774140531273
199323797
+6
199323803
Monkey 2
Monkey 3
149803980
+3
149803983
177041069
+3
177041072
201802059
+3
201802062
Round summary: 10
Monkey 0: 46
Monkey 1: 50
Monkey 2: 4
Monkey 3: 50
Monkey 0
10881803
*19
206754257
196849870
*19
3740147530
814571410
*19
15476856790
470393649
*19
8937479331
1227428338
*19
23321138422
164774140531273
*19
3130708670094187
199323803
*19
3787152257
149803983
*19
2846275677
Monkey 1
177041072
+6
177041078
201802062
+6
201802068
Monkey 2
3740147530
*old
-4458040527544450716
